4
 0  0  0  0  0  0  0  0  0  0  0  0  0  0  0  0
 0  0  2 14 12 13  0  0  0  0  9 10  5  4  0  0
 0 15  1  0  0  5  9  0  0 12  8  0  0 10 14  0
 0  7  0  4 10  0  8  0  0 13  0  3  6  0 16  0
 0 13  0 10  2  0  6  0  0  9  0 11 14  0 15  0
 0  5 11  0  0  8  4  0  0 15 13  0  0  1  3  0
 0  0 16  8  5 12  0  0  0  0  1  2 13 11  0  0
 0  0  0  0  0  0  0 15 14  0  0  0  0  0  0  0
 0  0  0  0  0  0  0  6 11  0  0  0  0  0  0  0
 0  0 10  9 14  1  0  0  0  0 12  4 15  6  0  0
 0  3  6  0  0 11 16  0  0  2  5  0  0  9  8  0
 0  4  0 13 15  0  3  0  0  8  0 16 10  0 11  0
 0 14  0 15  1  0  5  0  0  3  0  8 12  0  6  0
 0  2  9  0  0  3 15  0  0 10 16  0  0  7 13  0
 0  0  3 12 13 14  0  0  0  0 11  7  2  5  0  0
 0  0  0  0  0  0  0  0  0  0  0  0  0  0  0  0
