4
 0  4  0 16 10  9  0  0  5  6  3  8 14  0 15  0
 0  7  0 10  2  0  0  0  16 0  0  1  0  3  6  0
 0 12  0  2  5  0  0  8  10 0  0  0  0  4  0 16
 8  0  6  0  0 11  4  0  0 15  0  0 13  0  0 10
16 11  4  1  0  0  0  0  8  0  6  0  2 15 12  0
 0  0  7  0 14  0 15  0  0  4 11  0  0  6  0  8
 2 15 12  0  8  0  6  5  0  7  9 10  0  0  0  1
 5  0  0  0  0  4 11 16 14 12 15  0  0  9  0 13
 0  1 16 11  9 10 13  7  0  5  0  3  0 14  0  0
 7  0  0  9  0  2 14 12 11  0  0  0  3  8  0  0
12  0  0  0  6  0  0  0  9  0  0  7  4  0  0  0
 0  0  0  6  0 16  0  0  0  2 14  0  7  0 10  0
11  0  0  4  7 13 10  0  3  0  5  6  0  0  0 12
 9  0 13  7  0 14  0  0  4  1 16  0  6  0  8  0
 0  0 14  0  0  0  5  0  0 13  0  9 11 16  1  0
 0  5  8  3  4  0  0  0 12  0  0 15  0  0 13  0
